0 4 4 5 8 -1 -1 -1 -1 -1 -1 -1 -1 -1
-1 0 -1 -1 -1 3 5 6 7 -1 -1 -1 -1 -1
-1 -1 0 -1 -1 -1 3 5 6 -1 -1 -1 -1 -1
-1 -1 -1 0 -1 -1 -1 3 5 -1 -1 -1 -1 -1
-1 -1 -1 -1 0 -1 -1 -1 3 -1 -1 -1 -1 -1
-1 -1 -1 -1 -1 0 -1 -1 -1 5 6 8 8 -1
-1 -1 -1 -1 -1 -1 0 -1 -1 -1 5 6 8 -1
-1 -1 -1 -1 -1 -1 -1 0 -1 -1 -1 5 6 -1
-1 -1 -1 -1 -1 -1 -1 -1 0 -1 -1 -1 5 -1
-1 -1 -1 -1 -1 -1 -1 -1 -1 0 -1 -1 -1 8
-1 -1 -1 -1 -1 -1 -1 -1 -1 -1 0 -1 -1 7
-1 -1 -1 -1 -1 -1 -1 -1 -1 -1 -1 0 -1 4
-1 -1 -1 -1 -1 -1 -1 -1 -1 -1 -1 -1 0 2
-1 -1 -1 -1 -1 -1 -1 -1 -1 -1 -1 -1 -1 0